# reference: 240775
# type: subset_sum
1000 253448
36 36
341 341
220 220
104 104
797 797
247 247
458 458
625 625
553 553
694 694
234 234
873 873
811 811
875 875
302 302
818 818
386 386
397 397
294 294
266 266
231 231
268 268
107 107
794 794
669 669
359 359
419 419
50 50
190 190
860 860
456 456
296 296
830 830
484 484
670 670
945 945
486 486
45 45
856 856
124 124
507 507
161 161
618 618
994 994
195 195
826 826
541 541
693 693
409 409
420 420
509 509
173 173
448 448
719 719
907 907
56 56
105 105
665 665
299 299
903 903
105 105
460 460
392 392
591 591
849 849
823 823
520 520
789 789
699 699
941 941
110 110
729 729
767 767
304 304
181 181
841 841
430 430
213 213
296 296
660 660
477 477
215 215
452 452
203 203
585 585
199 199
872 872
232 232
514 514
966 966
127 127
581 581
843 843
354 354
796 796
21 21
154 154
122 122
489 489
625 625
55 55
86 86
919 919
526 526
648 648
695 695
445 445
36 36
44 44
400 400
753 753
425 425
888 888
267 267
977 977
357 357
302 302
636 636
453 453
692 692
135 135
490 490
656 656
965 965
25 25
828 828
801 801
674 674
458 458
440 440
479 479
250 250
615 615
764 764
257 257
338 338
780 780
780 780
503 503
23 23
954 954
577 577
678 678
615 615
7 7
266 266
233 233
488 488
418 418
714 714
351 351
672 672
287 287
200 200
747 747
603 603
398 398
982 982
51 51
506 506
233 233
995 995
814 814
119 119
964 964
838 838
91 91
283 283
191 191
764 764
572 572
294 294
59 59
383 383
696 696
160 160
160 160
367 367
824 824
311 311
974 974
900 900
422 422
300 300
247 247
872 872
584 584
336 336
94 94
922 922
13 13
457 457
309 309
68 68
432 432
160 160
299 299
875 875
952 952
877 877
383 383
919 919
956 956
909 909
573 573
283 283
964 964
224 224
540 540
920 920
762 762
596 596
655 655
768 768
511 511
781 781
392 392
580 580
761 761
336 336
173 173
533 533
477 477
573 573
756 756
98 98
787 787
875 875
579 579
798 798
949 949
726 726
742 742
140 140
449 449
442 442
4 4
909 909
696 696
562 562
270 270
242 242
422 422
647 647
755 755
884 884
283 283
696 696
170 170
286 286
967 967
613 613
748 748
723 723
343 343
376 376
467 467
46 46
303 303
768 768
703 703
707 707
132 132
351 351
140 140
778 778
758 758
273 273
832 832
417 417
839 839
678 678
658 658
940 940
992 992
166 166
566 566
975 975
31 31
901 901
651 651
369 369
635 635
398 398
894 894
647 647
263 263
944 944
153 153
806 806
410 410
123 123
12 12
165 165
89 89
31 31
150 150
21 21
476 476
518 518
657 657
13 13
618 618
228 228
153 153
511 511
867 867
175 175
3 3
405 405
821 821
909 909
50 50
285 285
87 87
737 737
409 409
770 770
141 141
431 431
573 573
894 894
770 770
706 706
233 233
108 108
472 472
648 648
487 487
206 206
637 637
802 802
661 661
240 240
187 187
732 732
7 7
438 438
991 991
902 902
130 130
644 644
129 129
908 908
178 178
95 95
311 311
374 374
209 209
545 545
398 398
47 47
805 805
915 915
92 92
364 364
958 958
813 813
740 740
68 68
96 96
776 776
258 258
128 128
693 693
979 979
607 607
976 976
940 940
458 458
784 784
836 836
598 598
829 829
764 764
546 546
496 496
894 894
657 657
996 996
698 698
834 834
873 873
806 806
366 366
917 917
88 88
119 119
201 201
134 134
98 98
649 649
12 12
678 678
579 579
705 705
300 300
334 334
288 288
253 253
840 840
537 537
450 450
568 568
650 650
836 836
423 423
109 109
156 156
701 701
250 250
157 157
714 714
592 592
270 270
506 506
566 566
232 232
345 345
821 821
403 403
508 508
690 690
50 50
813 813
821 821
477 477
538 538
478 478
116 116
408 408
774 774
779 779
957 957
123 123
430 430
139 139
914 914
404 404
341 341
774 774
320 320
146 146
506 506
455 455
186 186
888 888
344 344
399 399
929 929
189 189
137 137
865 865
219 219
823 823
3 3
143 143
465 465
457 457
807 807
469 469
802 802
712 712
127 127
843 843
916 916
916 916
947 947
800 800
299 299
737 737
752 752
675 675
683 683
242 242
691 691
308 308
711 711
642 642
558 558
228 228
118 118
852 852
468 468
391 391
181 181
910 910
647 647
568 568
378 378
143 143
143 143
898 898
755 755
10 10
935 935
733 733
764 764
666 666
869 869
82 82
449 449
330 330
937 937
271 271
687 687
690 690
21 21
170 170
905 905
854 854
733 733
237 237
996 996
900 900
372 372
597 597
230 230
720 720
413 413
636 636
158 158
359 359
746 746
24 24
883 883
843 843
953 953
769 769
944 944
443 443
290 290
105 105
550 550
729 729
412 412
858 858
87 87
815 815
79 79
399 399
925 925
640 640
159 159
862 862
257 257
114 114
683 683
22 22
756 756
661 661
406 406
518 518
773 773
543 543
457 457
930 930
131 131
155 155
112 112
422 422
278 278
825 825
884 884
4 4
742 742
280 280
103 103
162 162
833 833
499 499
69 69
821 821
21 21
85 85
542 542
673 673
147 147
880 880
792 792
836 836
570 570
987 987
537 537
14 14
434 434
374 374
735 735
12 12
639 639
88 88
574 574
246 246
573 573
124 124
159 159
226 226
674 674
615 615
206 206
199 199
641 641
466 466
456 456
66 66
810 810
236 236
3 3
137 137
585 585
87 87
78 78
215 215
846 846
228 228
823 823
842 842
829 829
86 86
647 647
140 140
8 8
28 28
9 9
758 758
910 910
530 530
695 695
714 714
930 930
301 301
882 882
566 566
734 734
493 493
557 557
757 757
757 757
875 875
272 272
289 289
450 450
315 315
502 502
57 57
559 559
787 787
700 700
774 774
454 454
453 453
310 310
982 982
940 940
641 641
296 296
719 719
429 429
971 971
584 584
975 975
824 824
713 713
108 108
38 38
537 537
879 879
590 590
191 191
635 635
357 357
790 790
761 761
254 254
760 760
782 782
180 180
405 405
328 328
24 24
686 686
156 156
975 975
744 744
135 135
11 11
56 56
465 465
899 899
735 735
28 28
274 274
614 614
763 763
926 926
465 465
93 93
243 243
573 573
958 958
777 777
288 288
960 960
97 97
430 430
844 844
394 394
844 844
57 57
819 819
540 540
829 829
172 172
773 773
882 882
780 780
368 368
365 365
769 769
38 38
583 583
43 43
910 910
845 845
657 657
498 498
230 230
620 620
798 798
437 437
577 577
210 210
984 984
462 462
217 217
595 595
578 578
505 505
38 38
457 457
176 176
203 203
451 451
693 693
913 913
896 896
795 795
47 47
861 861
789 789
905 905
570 570
647 647
744 744
907 907
472 472
72 72
476 476
764 764
99 99
434 434
429 429
86 86
418 418
951 951
922 922
962 962
78 78
476 476
279 279
443 443
301 301
373 373
953 953
60 60
702 702
125 125
360 360
400 400
535 535
92 92
186 186
624 624
625 625
262 262
189 189
249 249
115 115
365 365
907 907
757 757
319 319
596 596
978 978
897 897
703 703
43 43
659 659
904 904
335 335
516 516
831 831
149 149
582 582
737 737
837 837
704 704
232 232
236 236
17 17
170 170
71 71
100 100
14 14
386 386
791 791
965 965
424 424
828 828
77 77
451 451
771 771
784 784
682 682
553 553
419 419
63 63
66 66
770 770
273 273
217 217
825 825
803 803
464 464
797 797
307 307
555 555
402 402
764 764
631 631
124 124
689 689
196 196
157 157
863 863
838 838
915 915
557 557
505 505
146 146
420 420
41 41
509 509
808 808
772 772
806 806
582 582
664 664
553 553
267 267
104 104
347 347
297 297
235 235
868 868
868 868
437 437
422 422
579 579
786 786
828 828
475 475
377 377
720 720
442 442
73 73
577 577
996 996
914 914
318 318
507 507
395 395
957 957
435 435
824 824
414 414
923 923
131 131
268 268
474 474
645 645
66 66
653 653
83 83
480 480
741 741
952 952
151 151
108 108
335 335
581 581
180 180
348 348
339 339
413 413
762 762
416 416
540 540
885 885
405 405
825 825
545 545
860 860
845 845
752 752
407 407
658 658
259 259
488 488
977 977
661 661
3 3
847 847
349 349
361 361
11 11
951 951
665 665
115 115
521 521
785 785
405 405
423 423
880 880
604 604
867 867
216 216
46 46
782 782
119 119
623 623
895 895
18 18
303 303
439 439
841 841
5 5
926 926
785 785
862 862
676 676
321 321
164 164
271 271
542 542
118 118
694 694
310 310
892 892
233 233
881 881
818 818
231 231
963 963
988 988
108 108
275 275
609 609
72 72
639 639
802 802
697 697
540 540
700 700
903 903
850 850
902 902
483 483
169 169
105 105
308 308
976 976
521 521
524 524
551 551
299 299
826 826
1000 1000
372 372
135 135
486 486
848 848
989 989
260 260
209 209
230 230
134 134
983 983
676 676
286 286
